    T  clk  Llim  RP   WNS ps   TNS ps       leak   int mW   tot mW  area um2  inst
  10K  200     1   0   -126.1  -4092.4    4.33 nW    2.044    2.044     53.90   681
  10K  200  1000   0   -126.9  -3943.2    4.28 nW    2.077    2.077     53.77   672
  10K  230     1   0    -96.8  -2044.7    4.15 nW    1.747    1.747     52.33   726
  10K  230  1000   0    -99.6  -2319.5    4.22 nW    1.786    1.786     52.69   714
  10K  260     1   0    -72.6  -1128.7    4.07 nW    1.541    1.541     51.85   696
  10K  260  1000   0    -73.3  -1172.5    4.06 nW    1.551    1.551     51.72   711
  10K  290     1   0    -50.6   -156.2    3.88 nW    1.288    1.288     49.88   700
  10K  290  1000   0    -49.0   -145.8    3.86 nW    1.277    1.277     49.30   723
  10K  310     1   0    -32.0    -60.6    3.73 nW    1.162    1.162     47.98   730
  10K  310     1 100    -32.0    -60.8    3.72 nW    1.157    1.157     47.90   734
  10K  310     4   0    -28.7    -52.0    3.68 nW    1.145    1.145     47.37   726
  10K  310     4 100    -28.8    -52.1    3.65 nW    1.133    1.133     47.17   730
  10K  310  1000   0    -28.7    -52.0    3.68 nW    1.145    1.145     47.37   726
  10K  310  1000 100    -28.8    -52.1    3.65 nW    1.133    1.133     47.17   730
  10K  320     1   0    -21.0    -36.1    3.66 nW    1.099    1.099     47.52   731
  10K  320  1000   0    -22.2    -37.9    3.67 nW    1.094    1.094     47.30   726
  10K  400     1   0     20.4      0.0    3.36 nW    0.813    0.813     44.95   702
  10K  400     1 100     15.0      0.0    3.34 nW    0.809    0.809     44.82   709
  10K  400     4   0     21.4      0.0    3.39 nW    0.812    0.812     44.80   707
  10K  400     4 100     16.0      0.0    3.36 nW    0.806    0.806     44.56   712
  10K  400  1000   0     21.4      0.0    3.39 nW    0.812    0.812     44.80   707
  10K  400  1000 100     16.0      0.0    3.36 nW    0.806    0.806     44.56   712
 300K  200     1   0   -103.3  -3028.6   27.60 uW    2.194    2.221     52.23   719
 300K  200  1000   0   -102.3  -2867.1   27.57 uW    2.208    2.236     52.20   711
 300K  230     1   0    -83.6  -1795.5   28.35 uW    2.076    2.104     53.03   707
 300K  230  1000   0    -92.7  -2421.4   30.13 uW    2.178    2.208     55.16   636
 300K  260     1   0    -50.8   -576.0   26.32 uW    1.670    1.696     50.55   727
 300K  260  1000   0    -52.2   -508.1   26.45 uW    1.684    1.710     50.62   721
 300K  290     1   0    -26.4    -48.5   24.90 uW    1.464    1.489     48.35   720
 300K  290  1000   0    -26.3    -48.4   24.92 uW    1.467    1.492     48.33   719
 300K  310     1   0     -9.9    -15.4   23.07 uW    1.193    1.216     46.44   719
 300K  310     1 100    -10.6    -16.8   22.82 uW    1.183    1.205     46.19   725
 300K  310     4   0    -10.5    -16.9   23.18 uW    1.188    1.212     46.54   739
 300K  310     4 100    -10.7    -17.0   22.93 uW    1.180    1.203     46.35   740
 300K  310  1000   0    -10.5    -16.9   23.18 uW    1.188    1.212     46.54   739
 300K  310  1000 100    -10.7    -17.0   22.93 uW    1.180    1.203     46.35   740
 300K  320     1   0     -5.5     -6.7   23.11 uW    1.202    1.225     46.32   720
 300K  320  1000   0     -3.3     -3.3   22.96 uW    1.192    1.214     46.10   720
 300K  400     1   0     41.4      0.0   21.59 uW    0.875    0.897     44.35   724
 300K  400     1 100     36.2      0.0   21.38 uW    0.870    0.892     44.19   732
 300K  400     4   0     40.2      0.0   21.91 uW    0.905    0.927     44.69   717
 300K  400     4 100     35.3      0.0   21.70 uW    0.900    0.922     44.53   725
 300K  400  1000   0     40.2      0.0   21.91 uW    0.905    0.927     44.69   717
 300K  400  1000 100     35.3      0.0   21.70 uW    0.900    0.922     44.53   725
