cfg  clk   WNS ps   TNS ps  leak uW   int mW   tot mW    area  RVT  LVT SLVT
  A  200   -269.1  -9156.2     0.05    1.324    1.983   54.33  439    0    0
  A  230   -240.6  -8537.0     0.05    1.197    1.792   53.76  440    0    0
  A  260   -215.4  -6892.8     0.05    1.025    1.536   52.56  430    0    0
  A  290   -183.8  -5497.7     0.05    0.913    1.368   52.28  427    0    0
  A  320   -163.1  -3592.1     0.04    0.802    1.209   51.64  424    0    0
  C  200   -124.0  -4590.3     3.38    1.569    2.309   52.84   49   95  307
  C  230    -94.7  -3296.8     3.15    1.350    1.954   51.41   53   97  286
  C  260    -72.8  -2242.3     3.03    1.168    1.699   50.58   63   88  277
  C  290    -45.0   -138.5     2.47    0.926    1.360   47.44   80   89  223
  C  320    -21.4    -31.9     1.70    0.742    1.112   44.37  120   90  153
  D  200   -124.0  -4590.3     3.38    1.569    2.309   52.84   49   95  307
  D  230    -94.7  -3296.8     3.15    1.350    1.954   51.41   53   97  286
  D  260    -72.8  -2242.3     3.03    1.168    1.699   50.58   63   88  277
  D  290    -45.0   -138.5     2.47    0.926    1.360   47.44   80   89  223
  D  320    -21.4    -31.9     1.70    0.742    1.112   44.37  120   90  153
  E  200   -103.7  -2306.0     4.29    1.635    2.323   50.99    0    0  419
  E  230    -81.6  -1527.1     4.28    1.439    2.039   50.97    0    0  419
  E  260    -55.9   -413.5     4.06    1.207    1.716   49.18    0    0  398
  E  290    -33.3    -74.3     3.63    1.039    1.474   46.31    0    0  372
  E  320     -8.3     -8.3     3.38    0.839    1.220   44.38    0    0  356
