    T  Llim  RP   WNS ps   TNS ps       leak   int mW   tot mW  area um2  inst
  10K     1   0    -31.7    -59.5    3.77 nW    1.175    1.175     48.36   712
  10K     1 100    -31.7    -59.5    3.77 nW    1.175    1.175     48.36   712
  10K     2   0    -31.2    -57.9    3.71 nW    1.161    1.161     47.91   706
  10K     2 100    -31.2    -57.9    3.71 nW    1.161    1.161     47.91   706
  10K     4   0    -27.3    -48.9    3.72 nW    1.164    1.164     47.81   724
  10K     4 100    -27.3    -48.9    3.72 nW    1.164    1.164     47.81   724
  10K    16   0    -27.3    -48.9    3.72 nW    1.164    1.164     47.81   724
  10K    16 100    -27.3    -48.9    3.72 nW    1.164    1.164     47.81   724
  10K  1000   0    -27.3    -48.9    3.72 nW    1.164    1.164     47.81   724
  10K  1000 100    -27.3    -48.9    3.72 nW    1.164    1.164     47.81   724
 300K     1   0    -11.4    -18.5   23.38 uW    1.231    1.254     46.76   726
 300K     1 100    -11.4    -18.5   23.38 uW    1.231    1.254     46.76   726
 300K     2   0    -11.2    -18.0   23.57 uW    1.252    1.275     46.90   732
 300K     2 100    -11.2    -18.0   23.57 uW    1.252    1.275     46.90   732
 300K     4   0    -11.2    -18.1   23.59 uW    1.252    1.275     46.92   733
 300K     4 100    -11.2    -18.1   23.59 uW    1.252    1.275     46.92   733
 300K    16   0    -11.2    -18.1   23.59 uW    1.252    1.275     46.92   733
 300K    16 100    -11.2    -18.1   23.59 uW    1.252    1.275     46.92   733
 300K  1000   0    -11.2    -18.1   23.59 uW    1.252    1.275     46.92   733
 300K  1000 100    -11.2    -18.1   23.59 uW    1.252    1.275     46.92   733
